12 0.42933333281249997 0.4413333328125 0.44000000000000006 0.42533333281249996 0.44800000000000006 0.43200000000000005 0.4533333328125 0.4853333328125 0.44666666718750003 0.5213333328124999 0.4186666671875 0.5253333328124999 0.4106666671875 0.5413333328125 0.40933333281250006 0.612 0.41600000000000004 0.6226666671875 0.5186666671875 0.628 0.5426666671875 0.624 0.5466666671875 0.6186666671875 0.5413333328125 0.4893333328125 0.5306666671875 0.44400000000000006 0.5293333328125 0.404 0.508 0.376 0.4893333328125 0.368 0.42933333281249997 0.384 0.41733333281249996 0.40133333281250005 0.42933333281249997 0.4413333328125
12 0.0346666671875 0.968 0.07466666718750001 0.968 0.3066666671875 0.9626666671875 0.3066666671875 0.696 0.037333332812499995 0.688 0.0226666671875 0.6946666671874999 0.025333332812499998 0.9626666671875 0.0346666671875 0.968
12 0.0266666671875 0.308 0.032 0.316 0.16799999999999998 0.3186666671875 0.17733333281250002 0.3173333328125 0.184 0.308 0.1853333328125 0.057333332812500006 0.18 0.037333332812499995 0.16 0.036 0.0346666671875 0.037333332812499995 0.0266666671875 0.044 0.0266666671875 0.308
12 0.049333332812500005 0.2253333328125 0.048 0.284 0.052000000000000005 0.29733333281249996 0.061333332812499995 0.3026666671875 0.1453333328125 0.2986666671875 0.16 0.2893333328125 0.16399999999999998 0.23733333281250002 0.1573333328125 0.13999999999999999 0.152 0.1226666671875 0.13999999999999999 0.1226666671875 0.10933333281249999 0.1413333328125 0.10400000000000001 0.17733333281250002 0.049333332812500005 0.2253333328125
12 0.036 0.388 0.0266666671875 0.41600000000000004 0.028000000000000004 0.6186666671875 0.037333332812499995 0.628 0.1573333328125 0.6226666671875 0.1666666671875 0.6173333328124999 0.16933333281250001 0.6093333328125 0.16799999999999998 0.45066666718750004 0.17333333281250002 0.42400000000000004 0.16799999999999998 0.3933333328125 0.1546666671875 0.37333333281250003 0.132 0.356 0.0933333328125 0.352 0.06933333281250001 0.3586666671875 0.0506666671875 0.37066666718749997 0.036 0.388
12 0.596 0.4146666671875 0.5946666671874999 0.548 0.5853333328125 0.6226666671875 0.6013333328125 0.632 0.7853333328125001 0.6293333328124999 0.792 0.62 0.7933333328125001 0.5253333328124999 0.7906666671875 0.4386666671875 0.784 0.41333333281250006 0.7626666671875 0.38133333281250004 0.74 0.3653333328125 0.7066666671874999 0.3533333328125 0.6853333328125 0.352 0.6333333328124999 0.3653333328125 0.6173333328124999 0.38 0.596 0.4146666671875
12 0.58 0.9640000000000001 0.6106666671875 0.968 0.788 0.9640000000000001 0.792 0.696 0.7786666671875 0.6906666671874999 0.592 0.6906666671874999 0.5786666671875 0.696 0.576 0.7333333328125 0.58 0.9640000000000001
12 0.3426666671875 0.9666666671874999 0.5093333328125 0.968 0.5533333328125 0.9626666671875 0.5586666671875 0.908 0.5559999999999999 0.8533333328125 0.5626666671875 0.8146666671875 0.5546666671875 0.6946666671874999 0.5453333328125 0.688 0.3413333328125 0.688 0.3333333328125 0.696 0.33599999999999997 0.9626666671875 0.3426666671875 0.9666666671874999
12 0.8039999999999999 0.748 0.7946666671875 0.8626666671875001 0.796 0.8933333328125 0.8093333328125001 0.9293333328125 0.8133333328125 0.9640000000000001 0.8213333328125 0.9720000000000001 0.9746666671875 0.968 0.976 0.692 0.9653333328124999 0.688 0.8226666671875 0.6866666671874999 0.8146666671875 0.6933333328125 0.8119999999999999 0.7253333328125 0.8039999999999999 0.748
12 0.42000000000000004 0.316 0.496 0.3213333328125 0.576 0.3173333328125 0.58 0.31066666718749997 0.5773333328125 0.048 0.5666666671875 0.0413333328125 0.46666666718750005 0.0426666671875 0.42933333281249997 0.037333332812499995 0.42133333281249996 0.0426666671875 0.41733333281249996 0.05600000000000001 0.42000000000000004 0.316
12 0.6546666671875 0.05600000000000001 0.6426666671875 0.0626666671875 0.6386666671875 0.272 0.628 0.30133333281249997 0.6333333328124999 0.3133333328125 0.7013333328125 0.32 0.772 0.32 0.7786666671875 0.3133333328125 0.7733333328125 0.061333332812499995 0.7693333328125 0.049333332812500005 0.7546666671875 0.049333332812500005 0.7466666671875 0.0546666671875 0.7106666671874999 0.057333332812500006 0.6546666671875 0.05600000000000001
12 0.21200000000000002 0.396 0.2013333328125 0.42000000000000004 0.1973333328125 0.5293333328125 0.20400000000000001 0.5746666671875 0.20400000000000001 0.6213333328124999 0.21600000000000003 0.6346666671875 0.356 0.6306666671875 0.36266666718749996 0.6226666671875 0.364 0.5546666671875 0.364 0.42933333281249997 0.3573333328125 0.3973333328125 0.348 0.38133333281250004 0.3266666671875 0.364 0.3026666671875 0.3573333328125 0.27599999999999997 0.3573333328125 0.252 0.36266666718749996 0.23199999999999998 0.37466666718749997 0.21200000000000002 0.396
12 0.8226666671875 0.6306666671875 0.8333333328125001 0.6373333328124999 0.8613333328125 0.6373333328124999 0.9746666671875 0.6306666671875 0.9746666671875 0.364 0.9640000000000001 0.3586666671875 0.8640000000000001 0.3613333328125 0.8306666671875 0.3573333328125 0.8213333328125 0.364 0.82 0.38533333281250004 0.8226666671875 0.6306666671875
12 0.22400000000000003 0.0466666671875 0.22799999999999998 0.3133333328125 0.3506666671875 0.316 0.368 0.31466666718749997 0.3786666671875 0.304 0.384 0.052000000000000005 0.3786666671875 0.037333332812499995 0.3586666671875 0.037333332812499995 0.3093333328125 0.0413333328125 0.2306666671875 0.038666667187499996 0.22400000000000003 0.0466666671875
12 0.8173333328125001 0.152 0.828 0.1826666671875 0.8320000000000001 0.2146666671875 0.828 0.24133333281249997 0.8173333328125001 0.2666666671875 0.82 0.304 0.9546666671875 0.308 0.9733333328124999 0.304 0.9800000000000001 0.2853333328125 0.9826666671875 0.24133333281249997 0.992 0.2226666671875 0.9813333328124999 0.1426666671875 0.9800000000000001 0.049333332812500005 0.976 0.04 0.8306666671875 0.037333332812499995 0.8213333328125 0.0413333328125 0.8173333328125001 0.0506666671875 0.8173333328125001 0.152